35
616 284
575 355 68 68356 97 planet 0 
1212 321 75 75370 111 planet 0 
699.745 439.213 20 0 0 comet 10 576 204 576 204 678 262 716 358 691 466 561 509 416 459 336 271 386 188 591 127 
983.088 372.385 20 0 0 comet 13 957 670 957 670 1004 477 969 323 853 164 763 112 572 102 381 147 319 267 309 332 338 531 425 624 652 694 
994.616 378.286 20 0 0 comet 10 1132 160 1132 160 987.999 244 999.999 404 1188 596 1376 508 1444 320 1344 188 1192 108 1068 75.9999 
1245 701 36 36368 53 planet 0 
1688 493 79 79411 130 planet 0 
2190 215 132 132399 211 sun 0 
1520.35 564.932 20 0 0 comet 11 1617 325 1617 325 1498 414 1520 564 1635 652 1710 686 1489 707 1425 565 1385 402 1457 288 1651 233 
1880.07 479.947 20 0 0 comet 10 2060 694 2060 694 2017 555 1889 491 1942 398 1770 355 1881 290 1741 209 1843 98 1631 21 
1914 82 66 66382 101 planet 0 
2080 704 76 76325 99 planet 0 
2061.45 495.306 20 0 0 comet 10 1870 713 1870 713 1910 607 2021 507 2255 478 2405 450 2448 368 2438 240 2466 51 2305 18 
1441 1004 42 42380 64 planet 0 
2305 1256 51 51450 92 planet 0 
1452.65 1154.99 20 0 0 comet 10 1347 931 1347 931 1336 1009 1379 1150 1497 1142 1596 1087 1621 965 1549 899 1421 873 1323 856 
2360.72 927.588 20 0 0 comet 10 2428 760 2428 760 2492 904 2243 920 2268 1074 1964 1017 2042 1228 1627 1167 1831 1328 1392 1313 
1806 1397 78 78387 121 blackhole 0 
1857.95 1002.61 20 0 0 comet 4 1648 780 1648 780 1930 1079 2157 1376 
2286.91 1746 48 48552 106 planet 0 
1490.91 1922 141 141617 348 planet 0 
2336.91 2142 43 43424 73 planet 0 
1342.91 2534 20 20700 56 planet 0 
2132.91 2640 71 71397 113 sun 0 
2523.8 2208.87 20 0 0 comet 15 2260 2312 2260 2312 2492 2268 2548 2100 2388 1908 2180 1924 2068 2056 1968 2312 1776 2484 1476 2632 1168 2708 887.999 2520 947.999 2368 1248 2332 1696 2440 
2488.26 1083.03 20 0 0 comet 17 2216 947.999 2216 947.999 2476 1068 2540 1364 2272 1488 2032 1520 1976 1812 2096 1984 2532 1992 2568 2208 2536 2352 2260 2384 1892 2404 1868 2580 1964 2780 2492 2816 2600 2568 
1188.74 2654.1 20 0 0 comet 8 1236 2376 1236 2376 1152 2584 1264 2744 1536 2744 1628 2596 1460 2364 1080 2132 
2215.78 1954.3 20 0 0 comet 8 1956 2116 1956 2116 2740 1628 2828 1344 1968 1540 963.999 1420 1056 2276 1600 2320 
1925.99 148.846 0 0 0 strandedastronaut 0 
1473.81 1771.95 0 0 0 strandedastronaut 0 
1172.29 246.92 0 0 0 strandedastronaut 0 
1135.86 356.59 0 0 0 strandedastronaut 0 
1275.23 372.819 0 0 0 strandedastronaut 0 
2280.91 1206.2 0 0 0 strandedastronaut 0 
2342.7 2091.28 0 0 0 strandedastronaut 0 
