44
1308.65 298.852
330 333 88 88411 145 planet 0 
692 52 239 239315 302 sun 0 
707 390 33 33409 54 planet 0 
693 544 47 47457 86 blackhole 0 
907 470 42 42452 76 planet 0 
511.722 315.678 20 0 0 comet 10 319 35 319 35 361 142 442 232 521 327 627 451 791 452 909 346 1011 254 1008 11 
1265 338 50 50495 99 planet 0 
1444.98 167 36 36402 58 sun 0 
1518.98 98 43 43302 52 planet 0 
1409.98 60 20 0 0 comet 9 1409.98 60 1409.98 60 1355.98 120 1357.98 209 1411.98 277 1549.98 208 1655.98 105 1578.98 15 1463.98 25 
1967.98 208 153 153356 218 sun 0 
1609.98 199 36 36486 70 blackhole 0 
1753.98 79 20 0 0 comet 11 1753.98 79 1753.98 79 1714.98 181 1728.98 312 1796.98 414 1991.98 455 2144.98 396 2196.98 223 2165.98 54 2073.98 4 1809.98 10 
1530.98 575 73 73397 116 planet 0 
2368.98 538 55 55522 115 planet 0 
1695.98 469 62 62407 101 blackhole 0 
2535.98 90 147 147338 199 planet 0 
2811.98 190 67 67470 126 blackhole 0 
2962.98 272 46 46451 83 planet 0 
3048.98 372 46 46385 71 blackhole 0 
3065.98 492 41 41396 65 planet 0 
3214.98 608 118 118315 149 blackhole 0 
3560.98 233 141 141434 245 planet 0 
3048.53 18 20 0 0 comet 8 3048.53 18 3048.53 18 3079.53 173 3137.53 323 3213.53 434 3382.53 529 3449.53 625 3473.53 675 
3589.53 673 20 0 0 comet 10 3589.53 673 3589.53 673 3544.53 555 3466.53 483 3377.53 386 3270.53 322 3196.53 271 3178.53 165 3241.53 61 3305.53 20 
3872 612 55 14500 111 planet 0 
4852 196 71 18347 99 sun 0 
4832 580 55 14482 107 planet 0 
690.206 390.8 0 0 0 strandedastronaut 0 
1304.29 303.193 0 0 0 strandedastronaut 0 
1529.98 40 0 0 0 strandedastronaut 0 
1510.98 490 0 0 0 strandedastronaut 0 
2410.98 487 0 0 0 strandedastronaut 0 
1695.98 305 0 0 0 strandedastronaut 0 
2686.98 22 0 0 0 strandedastronaut 0 
3015.98 242 0 0 0 strandedastronaut 0 
3016.98 495 0 0 0 strandedastronaut 0 
3270.98 234 0 0 0 strandedastronaut 0 
3714.53 203 0 0 0 strandedastronaut 0 
4168 472 0 0 0 strandedastronaut 0 
3880 540 0 0 0 strandedastronaut 0 
4060 136 0 0 0 strandedastronaut 0 
4500 260 0 0 0 strandedastronaut 0 
4916 580 0 0 0 strandedastronaut 0 
