29
280 216
233 186 39 39384 60 planet 0 
738 599 142 142316 180 planet 0 
1057 1276 56 56437 98 planet 0 
1248 995 47 47478 90 planet 0 
1891 1012 31 31556 69 planet 0 
2449 1401 35 35557 78 planet 0 
1827 1710 96 96596 229 planet 0 
1300 2124 60 60375 90 planet 0 
440 2516 309 309334 413 blackhole 0 
1090 2400 76 76355 108 planet 0 
2525.07 1984 42 42505 85 planet 0 
3545.07 1611 69 69394 109 sun 0 
3277.07 1492 57 57429 98 planet 0 
3449.07 1846 53 53372 79 planet 0 
1402 2514 27 27435 47 blackhole 0 
1678 2472 50 50425 85 planet 0 
1567 2219 46 46353 65 blackhole 0 
1898 2425 106 106337 143 blackhole 0 
2137 2301 35 35435 61 planet 0 
2081 2413 30 30425 51 planet 0 
2250 2393 45 45394 71 planet 0 
2175 2471 35 35542 76 blackhole 0 
1908 2696 47 12416 79 planet 0 
1196 935.999 0 0 0 strandedastronaut 0 
3348 1692 0 0 0 strandedastronaut 0 
2148 2244 0 0 0 strandedastronaut 0 
1744 2300 0 0 0 strandedastronaut 0 
1196 2436 0 0 0 strandedastronaut 0 
2440 1336 0 0 0 strandedastronaut 0 
