23
212.513 361.433
139 416 83 83442 147 planet 0 
694 620 38 38493 75 planet 0 
1228 220 99 99308 122 planet 0 
1256 643 102 102482 197 blackhole 0 
418.481 494.085 20 0 0 comet 13 1088 46 1088 46 980 139 670 339 378 519 88 633 5 517 8 272 174 145 444 129 772 291 1047 337 1102 121 
1676.72 554 69 69456 126 planet 0 
1665.72 163 90 90527 190 blackhole 0 
1924.74 423.721 20 0 0 comet 11 1932.72 238 1932.72 238 1916.72 357 1940.72 501 2144.72 521 2290.72 484 2375.72 386 2355.72 235 2293.72 95 2038.72 103 1940.72 144 
2138.72 294 51 51392 80 planet 0 
2496 184 75 19486 147 planet 0 
2636 544 111 28517 231 planet 0 
3228 655.999 39 10725 115 planet 0 
2996 635.999 115 29422 195 blackhole 0 
2984 120 319 80375 479 sun 0 
742.03 618.255 0 0 0 strandedastronaut 0 
1185.93 129.324 0 0 0 strandedastronaut 0 
1412 280 0 0 0 strandedastronaut 0 
1669.72 378 0 0 0 strandedastronaut 0 
2188.14 257.166 0 0 0 strandedastronaut 0 
2059.72 534 0 0 0 strandedastronaut 0 
2356 128 0 0 0 strandedastronaut 0 
2596 675.999 0 0 0 strandedastronaut 0 
3344 504 0 0 0 strandedastronaut 0 
