24
90 123
188 127 73 73496 145 planet 0 
466 121 78 78419 131 blackhole 0 
465 488 44 44488 86 blackhole 0 
632 515 40 40587 94 planet 0 
1052 129 130 130394 205 sun 0 
1171 636 76 76381 116 planet 0 
1529 361 44 44488 86 planet 0 
1743 329 44 44437 77 blackhole 0 
2245 327 34 34419 57 planet 0 
2238 460 69 69304 84 blackhole 0 
1720 686 35 35400 56 planet 0 
1785 769 61 61327 80 blackhole 0 
1499 1172 73 73369 108 blackhole 0 
1675 1218 64 64371 95 planet 0 
2251 1127 58 58362 84 planet 0 
2300 1002 47 47430 81 blackhole 0 
1987 1365 55 55404 89 planet 0 
2103 1294 43 43476 82 blackhole 0 
1024 408 123 31467 231 blackhole 0 
1396 79.9999 55 14500 111 planet 0 
2180 1092 0 0 0 strandedastronaut 0 
1264 679.999 0 0 0 strandedastronaut 0 
671.999 236 0 0 0 strandedastronaut 0 
1916 1008 0 0 0 strandedastronaut 0 
