31
1087 116 72 73062 306 planet 0 
40 318 121 121729 353 sun 0 
765 572 70 70885 248 planet 0 
1930.67 413 60 60962 231 planet 0 
-510.91 524.816 0 0 0 comet 8 461 679 461 679 559 389 462 43.0314 118 -257.848 -325.071 18.36 -514.264 534.674 -131.663 837.14 
2367.79 0 515 515541 1115 sun 0 
540 1861.93 9 28083 687 blackhole 0 
-148.991 283 60 60270 65 sun 0 
-126.998 384 31 31330 41 sun 0 
-1059 50 89 89980 349 planet 0 
-1161 537 48 49536 295 planet 0 
-2028.03 469.959 152 152720 438 planet 0 
-1953.46 1644.96 45 47044 368 planet 0 
-3177.33 -370.38 0 0 0 comet 25 -2398.29 -344.953 -2398.29 -344.953 -2270.29 -367.67 -2088.84 -362.575 -1889.81 -326.882 -1701.56 -282.758 -1508.53 -179.211 -1353.25 -89.5188 -1345.73 34.2688 -1274.24 156.335 -1330.69 429.85 -1465.22 738.205 -1701.29 894.854 -1948.59 1058.64 -2199.15 1214.16 -2737.31 1385.82 -2938.73 1341.31 -3154.55 1222.2 -3327.9 963.93 -3477.25 680.769 -3530.41 381.887 -3543.8 102.895 -3490.55 -102.693 -3391.81 -300.201 -2989.54 -416.971 
-2197 -1182 15 19866 292 planet 0 
-2091 -974.999 9 12222 116 planet 0 
-1849 -1122 10 13125 125 planet 0 
-1779 -893.999 8 10281 73 blackhole 0 
-2129.18 -2083.86 0 0 0 comet 16 -1606 -739.999 -1606 -739.999 -1382 -897.999 -1286 -1116 -1345 -1784.67 -1514 -1966.55 -1892 -2061 -2248 -2094 -2476 -2093 -2944.52 -1889 -3131.54 -1642 -3313 -990.36 -3229 -472.809 -2669.24 -489.65 -2168.49 -518.815 -1784 -593.642 
-2950 -1772 47 49000 376 planet 0 
-4463 -1696 59 60364 322 sun 0 
-4595 -2058 39 39993 155 planet 0 
-4085 -1835 16 18843 182 planet 0 
-4984 -1540 27 28861 201 planet 0 
-4786 -1845 17 19823 192 blackhole 0 
623.604 166.934 0 0 0 strandedastronaut 0 
592.864 44.9587 0 0 0 strandedastronaut 0 
1161.04 600.985 0 0 0 strandedastronaut 0 
426.041 1026.66 0 0 0 strandedastronaut 0 
978.013 1134.41 0 0 0 strandedastronaut 0 
903.001 -378.146 0 0 0 strandedastronaut 0 
