32
2499.5 570.52
224 228 82 82429 141 planet 0 
455 609 64 64406 104 blackhole 0 
667 346 83 83424 141 blackhole 0 
755 103 36 36597 86 planet 0 
1230 258 61 61479 117 planet 0 
1240.9 76.3725 20 0 0 comet 9 1072 124 1072 124 1032 232 1032 368 1116 448 1352 436 1436 300 1428 144 1208 67.9999 
1236 544 63 16546 139 planet 0 
1500 356 91 23445 163 sun 0 
1756 360 63 16390 99 planet 0 
2175.82 557 75 75493 148 blackhole 0 
2162.82 123 139 139361 201 blackhole 0 
2157.82 354 32 32640 82 planet 0 
2576 616 79 20437 139 planet 0 
2597.47 402.563 20 0 0 comet 10 2524 436 2524 436 2404 524 2408 695.999 2472 799.999 2580 787.999 2712 755.999 2788 604 2748 480 2608 404 
2740 180 91 23304 111 planet 0 
2544.35 152.777 20 0 0 comet 9 2944 108 2944 108 2948 224 2812 320 2684 356 2540 312 2528 204 2568 95.9999 2716 16 
2900 420 63 16421 107 blackhole 0 
2788 580 31 8531 67 planet 0 
3220 248 51 13615 127 blackhole 0 
3472 576 67 17455 123 planet 0 
3640 348 75 19473 143 blackhole 0 
3932 643.999 43 11454 79 blackhole 0 
4148 71.9999 119 30416 199 blackhole 0 
3980 388 71 18541 155 planet 0 
4156.46 413.455 20 0 0 comet 6 3832 200 3832 200 3804 544 4144 560 4140 212 3904 180 
3444 124 59 15400 95 planet 0 
4708 312 255 64394 403 sun 0 
4996 719.999 55 14321 71 planet 0 
1756.01 360.05 0 0 0 strandedastronaut 0 
-659.596 -2.90176 0 0 0 strandedastronaut 0 
3444.04 123.914 0 0 0 strandedastronaut 0 
4995.99 719.924 0 0 0 strandedastronaut 0 
