21
211 147
151 143 54 54347 75 planet 0 
367 470 15 15483 29 planet 0 
527 296 20 20425 34 planet 0 
1010 103 14 14553 31 planet 0 
1257 324 18 18527 38 planet 0 
1468 183 41 41384 63 planet 0 
1575 524 26 26451 47 planet 0 
1832 660 24 24375 36 planet 0 
1517 706 40 40306 49 planet 0 
1750 784 27 27453 49 planet 0 
2376 812 11 11590 26 planet 0 
1836 1181 22 22443 39 planet 0 
1374 1372 27 27537 58 planet 0 
2263 1068 82 82649 213 sun 0 
2399 1334 13 13576 30 planet 0 
369 440 0 0 0 strandedastronaut 0 
1127 192 0 0 0 strandedastronaut 0 
1580 476 0 0 0 strandedastronaut 0 
2070 401 0 0 0 strandedastronaut 0 
1378 1333 0 0 0 strandedastronaut 0 
2380 788 0 0 0 strandedastronaut 0 
