9
500 500
450 142 111 111376 167 planet 0 
637.048 368.099 0 0 0 comet 5 444 427 444 427 602 493 642 245 795 301 
839 384 71 71387 110 planet 0 
1090.83 232.399 0 0 0 comet 5 855 129 855 129 927 253 1148 218 1054 381 
103 528 80 80434 139 planet 0 
52.3874 208.091 0 0 0 comet 8 295 146 295 146 186 120 58 143 76 280 389 276 370 399 156 377 
1157 599 55 55477 105 planet 0 
1110.4 452.283 0 0 0 comet 9 898 676 898 676 999 531 1170 414 1205 193 915 68 672 93 526 343 444 648 
901.126 412.13 0 0 0 strandedastronaut 0 
