24
501 157
442 156 50 50380 76 planet 0 
1074 515 128 128414 212 planet 0 
1254 78 22 22556 49 sun 0 
1306 153 30 30341 41 planet 0 
1581 461 22 22488 43 planet 0 
1781 403 46 46320 59 planet 0 
2308 177 24 24937 90 planet 0 
2528 373 41 41359 59 planet 0 
2677 691 103 103364 150 planet 0 
3134 148 176 176390 275 sun 0 
3462 88 40 40418 67 planet 0 
3437 296 30 30441 53 planet 0 
2691 42 25 25800 80 planet 0 
3120 1053 100 100430 172 sun 0 
2667 1051 23 23478 44 planet 0 
2710 1183 46 46418 77 planet 0 
3622 872 45 45394 71 planet 0 
3485.8 886.361 20 0 0 comet 9 3512 789 3512 789 3487 899 3517 1006 3637 1018 3780 952 3750 810 3620 750 3547 758 
3462.01 87.9364 0 0 0 strandedastronaut 0 
3436.97 295.886 0 0 0 strandedastronaut 0 
3073 575 0 0 0 strandedastronaut 0 
2666.98 1050.93 0 0 0 strandedastronaut 0 
2887 1342 0 0 0 strandedastronaut 0 
3622.01 872.099 0 0 0 strandedastronaut 0 
