23
229 217
213 294 63 63420 106 planet 0 
758 113 105 105354 149 planet 0 
692 596 34 34536 73 planet 0 
507 301 144 144366 211 sun 0 
1160 658 76 76335 102 planet 0 
645 864 36 36548 79 planet 0 
922 1223 52 52442 92 planet 0 
181 1165 82 82371 122 planet 0 
1242 1161 42 42476 80 planet 0 
1764 898 49 49464 91 planet 0 
2266 1081 42 42392 66 planet 0 
1472 925 20 0 0 comet 14 1472 925 1472 925 1540 1057 1735 1143 1998 1007 2207 859 2424 930 2470 1080 2406 1257 1969 1305 1645 1254 1412 1113 1305 867 1436 764 
1802 1388 48 48421 81 planet 0 
1593 1732 43 43436 75 planet 0 
2369 1521 41 41414 68 planet 0 
2028 1930 107 107329 141 planet 0 
1988 1612 0 0 0 strandedastronaut 0 
274 630 0 0 0 strandedastronaut 0 
1144.77 572.31 0 0 0 strandedastronaut 0 
919.113 1167.17 0 0 0 strandedastronaut 0 
2271.74 1033.16 0 0 0 strandedastronaut 0 
2103 827 0 0 0 strandedastronaut 0 
2102.99 2021.85 0 0 0 strandedastronaut 0 
