33
599 262
603 359.99 82 82408 134 planet 0 
1355 366.99 86 86380 131 planet 0 
595 781.989 71 71387 110 planet 0 
1251 710.99 28 28366 41 blackhole 0 
1073 1049 25 25450 45 planet 0 
1002.56 941.776 20 0 0 comet 8 1022 963 1022 963 958 1068 991 1182 1096 1193 1177 1138 1173 1006 992 865 
254 1339 56 56375 84 planet 0 
348.755 1313.24 20 0 0 comet 3 236 1140 236 1140 468 1415 
670 1168 51 51377 77 planet 0 
648 983 41 41524 86 blackhole 0 
683 1417 131 131391 205 sun 0 
160 1595 40 40468 75 planet 0 
659 2102 90 90358 129 planet 0 
339 2264 44 44352 62 blackhole 0 
621 2566 52 52350 73 sun 0 
548 2373 39 39384 60 blackhole 0 
733 2416 52 52326 68 blackhole 0 
359 2517 36 36458 66 planet 0 
359 2374 23 23445 41 blackhole 0 
440 2406 22 22500 44 blackhole 0 
624 2433 31 31362 45 blackhole 0 
813 2317 26 26500 52 blackhole 0 
1062 2255 14 14553 31 planet 0 
988.855 2303.26 20 0 0 comet 8 994 2209 994 2209 978 2260 1001 2325 1111 2348 1203 2306 1174 2178 1045 2165 
972 2621 12 12812 39 planet 0 
1073.79 2686.79 20 0 0 comet 10 908 2575 908 2575 895 2681 965 2714 1029 2721 1069 2701 1098 2606 1062 2522 950 2465 846 2520 
459 2796 14 14714 40 planet 0 
429.652 2872.49 20 0 0 comet 7 390 2744 390 2744 371 2833 431 2872 563 2868 567 2781 489 2671 
1020 2436 0 0 0 strandedastronaut 0 
604 1148 0 0 0 strandedastronaut 0 
719.999 1128 0 0 0 strandedastronaut 0 
388 2544 0 0 0 strandedastronaut 0 
316 1864 0 0 0 strandedastronaut 0 
