20
4210.33 964.49
76 215 51 51387 79 planet 0 
1253 301 269 269288 310 planet 0 
2008 561 62 62447 111 planet 0 
1996 7.99999 263 66431 455 sun 0 
2540 116 95 24416 159 planet 0 
3617.6 505 64 64523 134 planet 0 
2899.6 701 38 38651 99 planet 0 
2667.6 1025 31 31379 47 planet 0 
2790.6 1221 38 38328 50 planet 0 
3115.6 1249 38 38953 145 planet 0 
3469.6 981 118 118574 271 planet 0 
3771.6 1266 51 51441 90 planet 0 
4231.21 879 78 78413 129 planet 0 
4764.21 1043 99 99429 170 sun 0 
4698.21 1283 51 51372 76 planet 0 
4321.21 1422 72 72395 114 planet 0 
4225.21 1828 113 113391 177 sun 0 
4959.21 1567 40 40331 53 planet 0 
4819.21 2071 47 47335 63 planet 0 
3913.29 2208.14 0 0 0 strandedastronaut 0 