9
-511.995 -274.998
-511 -235 29 29810 94 planet 0 
20.9996 -184 38 38592 90 planet 0 
-213 212 60 60541 130 planet 0 
-288 67.9998 20 0 0 comet 10 -288 67.9998 -288 67.9998 -215 -51.0002 -113 44.9998 -35.0004 -65.0002 60.9996 3.99979 131 -85.0002 210 -20.0002 259 -108 349 -37.0002 
-594 -343 20 0 0 comet 10 -594 -343 -594 -343 -626 -289 -640 -196 -628 -157 -504 -102 -379 -130 -339 -201 -372 -319 -454 -352 
-586 36.9998 20 0 0 comet 9 -586 36.9998 -586 36.9998 -535 89.9998 -462 149 -442 231 -610 252 -839.656 227.941 -943.989 100.001 -895.996 -15.9982 
-107.996 -327.998 20 0 0 comet 6 -107.996 -327.998 -107.996 -327.998 -147.996 -243.998 -147.996 -159.998 -143.996 -51.9981 -51.9963 128.002 
-1575.99 368.002 20 0 0 comet 2 -1575.99 368.002 -1575.99 368.002 
-423.996 -39.9981 0 0 0 strandedastronaut 0 
