24
229 365
139 416 83 83442 147 planet 0 
694 620 38 38493 75 planet 0 
1228 220 99 99308 122 planet 0 
1256 643 102 102482 197 blackhole 0 
1094.23 175.556 20 0 0 comet 13 1088 46 1088 46 980 139 670 339 378 519 88 633 5 517 8 272 174 145 444 129 772 291 1047 337 1102 121 
1676.72 554 69 69456 126 planet 0 
1665.72 163 90 90527 190 blackhole 0 
2127.93 93.3793 20 0 0 comet 11 1932.72 238 1932.72 238 1916.72 357 1940.72 501 2144.72 521 2290.72 484 2375.72 386 2355.72 235 2293.72 95 2038.72 103 1940.72 144 
2138.72 294 51 51392 80 planet 0 
2496 184 75 19486 147 planet 0 
2636 544 111 28517 231 planet 0 
3228 655.999 39 10725 115 planet 0 
2996 635.999 115 29422 195 blackhole 0 
2984 120 319 80375 479 sun 0 
3516 256 51 13557 115 planet 0 
2138.69 294.03 0 0 0 strandedastronaut 0 
2496.05 183.929 0 0 0 strandedastronaut 0 
2636.02 543.912 0 0 0 strandedastronaut 0 
702 570 0 0 0 strandedastronaut 0 
1199 112 0 0 0 strandedastronaut 0 
1704 480 0 0 0 strandedastronaut 0 
1788 424 0 0 0 strandedastronaut 0 
3252 612 0 0 0 strandedastronaut 0 
3544 480 0 0 0 strandedastronaut 0 
