15
-2999.85 -970.857
-2915.86 -818.861 131 33507 267 planet 0 
-2207.86 -462.861 191 48572 439 blackhole 0 
-2751.86 105.139 167 42470 315 planet 0 
-1627.86 89.1387 151 38467 283 planet 0 
-1723.86 -1058.86 235 59372 351 planet 0 
-959.865 -598.861 171 43482 331 planet 0 
-847.865 133.139 115 29750 347 blackhole 0 
-1371.87 901.138 63 17500 383 planet 0 
-155.866 601.138 103 27153 479 planet 0 
-87.8661 -334.861 143 36694 399 planet 0 
692.133 -1030.86 215 54675 583 sun 0 
-1799.86 -174.861 0 0 0 strandedastronaut 0 
-179.866 449.138 0 0 0 strandedastronaut 0 
-559.866 -494.861 0 0 0 strandedastronaut 0 
-2551.86 177.139 0 0 0 strandedastronaut 0 
