13
-3467.86 -1270.86
-3456.86 -1219.86 39 39711 111 planet 0 
-3204.86 -1028.86 102 102480 196 blackhole 0 
-3397.86 -700.859 55 55631 139 planet 0 
-2897.86 -813.859 56 56843 189 planet 0 
-2973.86 -1249.86 43 43715 123 planet 0 
-2637.86 -1105.86 53 53731 155 planet 0 
-2496.86 -809.859 44 44960 169 blackhole 0 
-2571.86 -531.861 79 20475 151 planet 0 
-2195.86 -791.861 71 18625 179 planet 0 
-1803.86 -807.861 135 34477 259 sun 0 
-3337.86 -847.972 0 0 0 strandedastronaut 0 
-2673.86 -595.972 0 0 0 strandedastronaut 0 
-2733.86 -1111.97 0 0 0 strandedastronaut 0 
