19
-403 -248.001
-384.001 -193 46 46510 94 planet 0 
-247.001 -20.0002 48 48536 103 blackhole 0 
-38.0004 -112 53 53533 113 planet 0 
-153 191 51 51544 111 planet 0 
71.9996 69.9998 74 74422 125 blackhole 0 
-578.001 62.9998 73 73421 123 planet 0 
380 -119 55 55568 125 planet 0 
343 194 68 68481 131 planet 0 
76.9996 315 78 78362 113 planet 0 
307.998 439.999 103 26471 195 blackhole 0 
655.998 347.999 131 33378 199 planet 0 
551.998 651.999 79 20375 119 planet 0 
183.998 739.999 67 17544 147 planet 0 
431.998 879.998 155 39429 267 sun 0 
703.998 183.999 0 0 0 strandedastronaut 0 
107.998 659.999 0 0 0 strandedastronaut 0 
-60.0017 -188.001 0 0 0 strandedastronaut 0 
-616.001 -32.0008 0 0 0 strandedastronaut 0 
415.998 119.999 0 0 0 strandedastronaut 0 
