17
1981 -1143.79
252.997 -155.792 251 63472 475 sun 0 
-819.002 -351.792 111 28446 199 planet 0 
720.997 244.208 107 27425 183 planet 0 
-1011 560.208 87 22477 167 planet 0 
-759.002 972.207 87 22431 151 planet 0 
-1419 1112.21 99 25410 163 planet 0 
-1183 868.207 103 26576 239 blackhole 0 
2065 -927.791 167 42547 367 planet 0 
-1243 -35.7918 0 0 0 comet 9 -1243 -35.7918 -1243 -35.7918 -715.002 28.2081 -387.002 -295.792 -303.002 -683.791 -455.002 -855.791 -839.002 -915.791 -1283 -767.791 -1359 -299.792 
-1843 -859.791 91 23532 195 planet 0 
2065 108.208 251 63460 463 planet 0 
1189 -335.792 0 0 0 comet 3 1189 -335.792 1189 -335.792 1273 1004.21 
700.997 56.2081 0 0 0 strandedastronaut 0 
-1739 -939.791 0 0 0 strandedastronaut 0 
-1503 1008.21 0 0 0 strandedastronaut 0 
-1027 444.208 0 0 0 strandedastronaut 0 
812.997 128.208 0 0 0 strandedastronaut 0 
