12
500 500
541 307 50 50690 138 planet 0 
96 88 44 44460 81 planet 0 
1017 553 60 60400 96 planet 0 
652.909 457.89 0 0 0 comet 13 395 196 395 196 360 282 363 352 387 416 423 453 513 485 606 478 679 441 723 340 718 258 655 175 519 137 
679.153 141.126 0 0 0 comet 15 447 110 447 110 573 113 694 146 734 187 759 239 772 297 744 395 702 473 620 513 512 528 399 485 338 410 290 289 352 152 
1187.5 496.449 0 0 0 comet 17 978 396 978 396 1020 423 1102 403 1113 485 1167 510 1129 571 1166 622 1094 654 1044 692 991 660 914 678 889 592 835 538 903 524 904 415 968 450 
778.244 177.4 0 0 0 comet 16 523 72 523 72 399 80 316 151 274 233 274 336 313 418 365 486 452 532 579 546 689 511 753 442 773 348 797 247 769 195 672 106 
1154.79 511.318 0 0 0 comet 16 1044 385 1044 385 1058 436 1139 441 1125 509 1168 546 1121 604 1139 669 1050 664 991 699 934 647 860 643 884 550 867 471 925 471 961 357 
842 215 84 84398 134 sun 0 
686 594 58 58465 108 blackhole 0 
95 292 47 47409 77 sun 0 
-504.2 -316.184 0 0 0 strandedastronaut 0 
