14
75.7467 -199.35
-327.001 -137 41 41408 67 planet 0 
-343.001 -22.0002 23 23510 47 blackhole 0 
116.746 -168.35 40 40431 69 planet 0 
-217.001 -45.0002 39 39474 74 blackhole 0 
-177.001 -266 45 45638 115 blackhole 0 
-133 -136 21 21547 46 blackhole 0 
-86.0005 -54.0002 34 34477 65 blackhole 0 
27.9996 -22.0002 31 31548 68 blackhole 0 
-63.0005 83.9998 41 41530 87 sun 0 
-234.001 62.9998 38 38394 60 blackhole 0 
-39.2538 -203.35 18 18597 43 blackhole 0 
-347.001 75.9998 24 24677 65 planet 0 
-24.0004 -125 0 0 0 strandedastronaut 0 
-364.975 -184.739 0 0 0 strandedastronaut 0 
